{
 "cells": [
  {
   "cell_type": "code",
   "execution_count": 8,
   "id": "2de6d1f8",
   "metadata": {
    "scrolled": false
   },
   "outputs": [
    {
     "name": "stdout",
     "output_type": "stream",
     "text": [
      "The autoreload extension is already loaded. To reload it, use:\n",
      "  %reload_ext autoreload\n",
      "The autoreload extension is already loaded. To reload it, use:\n",
      "  %reload_ext autoreload\n",
      "0:아파트1-104-303 pattern recognition\n",
      "---Season Means---\n",
      "---init TSS Check---\n",
      "- calc TSS(Total Sum Of Squares) success!\n",
      "---Dimension Reduction---\n",
      "[Timestamp('2018-11-08 00:00:00'), Timestamp('2018-11-09 00:00:00'), Timestamp('2018-11-12 00:00:00'), Timestamp('2018-11-13 00:00:00'), Timestamp('2018-11-15 00:00:00'), Timestamp('2018-11-16 00:00:00'), Timestamp('2018-11-17 00:00:00'), Timestamp('2018-11-18 00:00:00'), Timestamp('2018-11-19 00:00:00'), Timestamp('2018-11-20 00:00:00'), Timestamp('2018-11-21 00:00:00'), Timestamp('2018-11-22 00:00:00'), Timestamp('2018-11-23 00:00:00'), Timestamp('2018-11-26 00:00:00'), Timestamp('2018-11-27 00:00:00'), Timestamp('2018-11-28 00:00:00'), Timestamp('2018-11-29 00:00:00')]\n",
      "---Remove Outliers---\n",
      "- dis_check: 0.01992628031617404, sim_check: 0.9878159065620032\n",
      "- remove outlier success: 74 => 60\n",
      "- calc TSS(Total Sum Of Squares) success!\n",
      "---K Setting 5 ---\n",
      "---5:Clustering Start---\n",
      "---Now 1---\n",
      "---First Cluster Group Init---\n",
      "---Init Cluster---\n",
      "---First K Is Mean Pattern---\n",
      "---Rest K Select---\n",
      "Test Start!\n",
      "arr length: 60\n",
      "Cluster Worst Pattern In\n",
      "1: calc... [59, 0]\n",
      "1: [59, 0, 30]\n",
      "2: calc... [59, 30, 0]\n",
      "2: calc... [59, 30, 0, 45]\n",
      "2: [59, 30, 0, 45, 15]\n",
      "-2: K Setting Okay\n",
      "-3: K Setting Okay\n",
      "-4: K Setting Okay\n",
      "-5: K Setting Okay\n",
      "---Cluster Init Okay KMeans Start---\n",
      "- calc WSS(Within cluster Sum Of Squares) success!\n",
      "- calc ECV(Explained Cluster Value) success!\n",
      "- calc CDPV(Cluster Pattern Direction Value) success!\n",
      "1 : TSS: 0.007544792657891533, WSS: 0.0007319999999999997, ECV: 90.2979441160075, CDPV: 0.9970321001768218\n",
      "---Now 2---\n",
      "---Cluster Init Okay KMeans Start---\n",
      "- calc WSS(Within cluster Sum Of Squares) success!\n",
      "- calc ECV(Explained Cluster Value) success!\n",
      "- calc CDPV(Cluster Pattern Direction Value) success!\n",
      "2 : TSS: 0.007544792657891533, WSS: 0.0005045854174884941, ECV: 93.31213672305866, CDPV: 0.9979605121624944\n",
      "---Now 3---\n",
      "---Cluster Init Okay KMeans Start---\n",
      "- calc WSS(Within cluster Sum Of Squares) success!\n",
      "- calc ECV(Explained Cluster Value) success!\n",
      "- calc CDPV(Cluster Pattern Direction Value) success!\n",
      "3 : TSS: 0.007544792657891533, WSS: 0.00048167712589663233, ECV: 93.61576722200817, CDPV: 0.9980518413876044\n",
      "---Now 4---\n",
      "---Cluster Init Okay KMeans Start---\n",
      "- calc WSS(Within cluster Sum Of Squares) success!\n",
      "- calc ECV(Explained Cluster Value) success!\n",
      "- calc CDPV(Cluster Pattern Direction Value) success!\n",
      "4 : TSS: 0.007544792657891533, WSS: 0.0004746368, ECV: 93.70908093142162, CDPV: 0.9980790223596979\n",
      "---Now 5---\n",
      "---Cluster Init Okay KMeans Start---\n",
      "- calc WSS(Within cluster Sum Of Squares) success!\n",
      "- calc ECV(Explained Cluster Value) success!\n",
      "- calc CDPV(Cluster Pattern Direction Value) success!\n",
      "5 : TSS: 0.007544792657891533, WSS: 0.0004714350405092591, ECV: 93.751517611075, CDPV: 0.9980895741331346\n",
      "---Now 6---\n",
      "---Cluster Init Okay KMeans Start---\n",
      "- calc WSS(Within cluster Sum Of Squares) success!\n",
      "- calc ECV(Explained Cluster Value) success!\n",
      "- calc CDPV(Cluster Pattern Direction Value) success!\n",
      "6 : TSS: 0.007544792657891533, WSS: 0.00046700043859649085, ECV: 93.81029459957354, CDPV: 0.9981072369029892\n",
      "---Now 7---\n",
      "---Cluster Init Okay KMeans Start---\n",
      "- calc WSS(Within cluster Sum Of Squares) success!\n",
      "- calc ECV(Explained Cluster Value) success!\n",
      "- calc CDPV(Cluster Pattern Direction Value) success!\n",
      "7 : TSS: 0.007544792657891533, WSS: 0.00046700043859649085, ECV: 93.81029459957354, CDPV: 0.9981072369029892\n"
     ]
    },
    {
     "ename": "AttributeError",
     "evalue": "'THMeans' object has no attribute 'cpdv'",
     "output_type": "error",
     "traceback": [
      "\u001b[0;31m---------------------------------------------------------------------------\u001b[0m",
      "\u001b[0;31mAttributeError\u001b[0m                            Traceback (most recent call last)",
      "\u001b[0;32m<ipython-input-8-98c15d46f11d>\u001b[0m in \u001b[0;36m<module>\u001b[0;34m\u001b[0m\n\u001b[1;32m    162\u001b[0m         \u001b[0mth\u001b[0m\u001b[0;34m.\u001b[0m\u001b[0mwss\u001b[0m\u001b[0;34m,\u001b[0m\u001b[0;34m\u001b[0m\u001b[0;34m\u001b[0m\u001b[0m\n\u001b[1;32m    163\u001b[0m         \u001b[0mth\u001b[0m\u001b[0;34m.\u001b[0m\u001b[0mecv\u001b[0m\u001b[0;34m,\u001b[0m\u001b[0;34m\u001b[0m\u001b[0;34m\u001b[0m\u001b[0m\n\u001b[0;32m--> 164\u001b[0;31m         \u001b[0mth\u001b[0m\u001b[0;34m.\u001b[0m\u001b[0mcpdv\u001b[0m\u001b[0;34m,\u001b[0m\u001b[0;34m\u001b[0m\u001b[0;34m\u001b[0m\u001b[0m\n\u001b[0m\u001b[1;32m    165\u001b[0m         \u001b[0mth\u001b[0m\u001b[0;34m.\u001b[0m\u001b[0mmean_dis\u001b[0m\u001b[0;34m,\u001b[0m\u001b[0;34m\u001b[0m\u001b[0;34m\u001b[0m\u001b[0m\n\u001b[1;32m    166\u001b[0m         \u001b[0mth\u001b[0m\u001b[0;34m.\u001b[0m\u001b[0mmean_cdpv\u001b[0m\u001b[0;34m,\u001b[0m\u001b[0;34m\u001b[0m\u001b[0;34m\u001b[0m\u001b[0m\n",
      "\u001b[0;31mAttributeError\u001b[0m: 'THMeans' object has no attribute 'cpdv'"
     ]
    }
   ],
   "source": [
    "import pandas as pd\n",
    "\n",
    "uid_check = ['아파트1-104-1006']\n",
    "tss_transition = pd.DataFrame(columns=['K','tss','wss', 'ecv', 'cdpv', 'mdis' ,'mcdpv', 'og_length', 'new_length', 'sequence'])\n",
    "\n",
    "import pandas as pd\n",
    "from modules.UCKMeans import UCKMeans as UC\n",
    "from modules.UCOSKMeans import UCOSKMeans as UCOS\n",
    "from modules.SortMeans import SortMeans as SM\n",
    "from modules.THMeans import THMeans as TH\n",
    "\n",
    "# Mongo 연결\n",
    "from pymongo import MongoClient as mc\n",
    "import random\n",
    "import pprint as pp\n",
    "\n",
    "#  print(uid_check)\n",
    "# custom module\n",
    "%load_ext autoreload\n",
    "%autoreload 2\n",
    "%reload_ext autoreload\n",
    "\n",
    "mongo_uri = \"mongodb://localhost:27017\"\n",
    "client = mc(mongo_uri)\n",
    "\n",
    "keti_pr_db = client.keti_pattern_recognition\n",
    "household_col = keti_pr_db.household_info\n",
    "\n",
    "for seq in range(0, 1):\n",
    "#     total = household_col.find({\"uid\": { \"$nin\" : uid_check }}).count()\n",
    "#     while True:\n",
    "#         db_datas = list(household_col.\\\n",
    "#                         find({\n",
    "#                             \"uid\": { \"$nin\" : uid_check }\n",
    "#                             }).skip(random.randrange(0,total)).limit(1))\n",
    "#         if len(db_datas) == 0 :\n",
    "#             continue\n",
    "#         else:\n",
    "#             db_datas = db_datas[0]\n",
    "#             break;\n",
    "    db_datas = household_col.\\\n",
    "                    find_one({\n",
    "                        \"uid\": \"아파트1-104-303\"\n",
    "                    })\n",
    "\n",
    "\n",
    "    # require module\n",
    "    import pandas as pd\n",
    "    import numpy as np\n",
    "    import matplotlib.pyplot as plt\n",
    "    import seaborn as sns\n",
    "    from datetime import datetime as dt\n",
    "\n",
    "    sns.set(rc={'figure.figsize': (15.7, 13.27)})\n",
    "    plt.rcParams['figure.figsize'] = 15.7,13.27\n",
    "    plt.rcParams['font.family'] = 'AppleGothic'\n",
    "\n",
    "    # custom module\n",
    "    %load_ext autoreload\n",
    "    %autoreload 2\n",
    "    %reload_ext autoreload\n",
    "\n",
    "    import custom.supports as sp\n",
    "    import custom.mapgenerator as mg\n",
    "    import custom.dateutils as du\n",
    "\n",
    "    SEASONS = {\n",
    "        \"봄\" : [3, 4, 5],\n",
    "        \"여름\" : [6, 7, 8],\n",
    "        \"가을\" : [9, 10, 11],\n",
    "        \"겨울\" : [12, 1, 2]\n",
    "    }\n",
    "\n",
    "    SEASONSARR = ['봄','여름','가을','겨울']\n",
    "\n",
    "    '''\n",
    "     0 : 봄\n",
    "     1 : 여름\n",
    "     2 : 가을\n",
    "     3 : 겨울\n",
    "    '''\n",
    "\n",
    "    DAYARR = [\"월\", \"화\", \"수\", \"목\", \"금\", \"토\", \"일\"]\n",
    "\n",
    "    uid, timeslot = db_datas['uid'], db_datas['timeslot']\n",
    "    uid_check.append(uid)\n",
    "\n",
    "    print(\"{}:{} pattern recognition\".format(seq,uid))\n",
    "\n",
    "    datelist = [\n",
    "        dt.strptime(ts['time'], \"%Y-%m-%d T%H:%M %z\").date()\n",
    "        for ts in timeslot\n",
    "    ]\n",
    "    datelist = list(set(datelist))\n",
    "    datelist.sort()\n",
    "\n",
    "    ts_datas = {}\n",
    "    start_idx = 0\n",
    "    end_idx = 96\n",
    "    enl = 1\n",
    "\n",
    "    for date in datelist:\n",
    "        ts_datas[date] = [ ts['power'] * enl for ts in timeslot[start_idx:end_idx]]\n",
    "        start_idx = end_idx\n",
    "        end_idx = end_idx + 96\n",
    "\n",
    "    ts_datas = pd.DataFrame(ts_datas).T\n",
    "    datas = ts_datas.reset_index().copy()\n",
    "\n",
    "    datas.rename(columns={\"index\": \"date\"}, inplace=True)\n",
    "    datas['date'] = pd.to_datetime(datas['date'])\n",
    "    datas['month'] = [dt.month for dt in datas['date']]\n",
    "    datas = [\n",
    "        datas[(datas['month'].isin(SEASONS[season]))].copy()\n",
    "        for season in SEASONSARR\n",
    "    ]\n",
    "\n",
    "    bak_datas = datas.copy()\n",
    "\n",
    "    season_datas = {\n",
    "        \"봄\": datas[0].copy(),\n",
    "        \"여름\": datas[1].copy(),\n",
    "        \"가을\": datas[2].copy(),\n",
    "        \"겨울\": datas[3].copy()\n",
    "    }\n",
    "\n",
    "    # merge timeslot\n",
    "    season = \"가을\"\n",
    "\n",
    "    timeslot = 1\n",
    "    merge_size = timeslot * 4\n",
    "    merge_datas = season_datas[season].copy()\n",
    "    merge_datas = merge_datas[\n",
    "        merge_datas.columns.difference(['month', 'date'])\n",
    "    ]\n",
    "    merge_datas.index = season_datas[season]['date']\n",
    "\n",
    "    tmp = pd.DataFrame()\n",
    "    start_idx = 0\n",
    "    end_idx = 96\n",
    "    for date in merge_datas.index:\n",
    "        in_arr = []\n",
    "        og_arr = merge_datas.loc[date].values\n",
    "        for merging in range(0, int(end_idx / merge_size)):\n",
    "            in_arr.append(og_arr[\n",
    "                (merging) * merge_size\n",
    "                :\n",
    "                (merging + 1) * merge_size\n",
    "            ].sum())\n",
    "    #     logging\n",
    "    #     print(\"date end : {}, size: {}\".format(date, len(in_arr)))\n",
    "\n",
    "        tmp[date] = in_arr\n",
    "    merge_datas = tmp.copy()\n",
    "\n",
    "    th = TH(merge_datas)\n",
    "    th.run()\n",
    "    \n",
    "    tss_transition.loc[uid] = [\n",
    "        th.K,\n",
    "        th.tss,\n",
    "        th.wss,\n",
    "        th.ecv,\n",
    "        th.cdpv,\n",
    "        th.mean_dis,\n",
    "        th.mean_cdpv,\n",
    "        th.og_length,\n",
    "        th.new_length,\n",
    "        th.sequence\n",
    "    ]\n",
    "    \n",
    "    print(tss_transition)\n",
    "    \n",
    "client.close()"
   ]
  },
  {
   "cell_type": "code",
   "execution_count": 56,
   "id": "3485e291",
   "metadata": {},
   "outputs": [
    {
     "data": {
      "text/html": [
       "<div>\n",
       "<style scoped>\n",
       "    .dataframe tbody tr th:only-of-type {\n",
       "        vertical-align: middle;\n",
       "    }\n",
       "\n",
       "    .dataframe tbody tr th {\n",
       "        vertical-align: top;\n",
       "    }\n",
       "\n",
       "    .dataframe thead th {\n",
       "        text-align: right;\n",
       "    }\n",
       "</style>\n",
       "<table border=\"1\" class=\"dataframe\">\n",
       "  <thead>\n",
       "    <tr style=\"text-align: right;\">\n",
       "      <th></th>\n",
       "      <th>K</th>\n",
       "      <th>tss</th>\n",
       "      <th>wss</th>\n",
       "      <th>ecv</th>\n",
       "      <th>cdpv</th>\n",
       "      <th>mdis</th>\n",
       "      <th>mcdpv</th>\n",
       "      <th>og_length</th>\n",
       "      <th>new_length</th>\n",
       "      <th>sequence</th>\n",
       "    </tr>\n",
       "  </thead>\n",
       "  <tbody>\n",
       "    <tr>\n",
       "      <th>아파트1-103-106</th>\n",
       "      <td>7.0</td>\n",
       "      <td>141.369670</td>\n",
       "      <td>27.600136</td>\n",
       "      <td>80.476621</td>\n",
       "      <td>0.985230</td>\n",
       "      <td>1.638259</td>\n",
       "      <td>0.781877</td>\n",
       "      <td>91.0</td>\n",
       "      <td>87.0</td>\n",
       "      <td>7.0</td>\n",
       "    </tr>\n",
       "    <tr>\n",
       "      <th>아파트1-103-1903</th>\n",
       "      <td>6.0</td>\n",
       "      <td>69.273164</td>\n",
       "      <td>20.544997</td>\n",
       "      <td>70.342055</td>\n",
       "      <td>0.952499</td>\n",
       "      <td>0.884254</td>\n",
       "      <td>0.676975</td>\n",
       "      <td>91.0</td>\n",
       "      <td>79.0</td>\n",
       "      <td>9.0</td>\n",
       "    </tr>\n",
       "    <tr>\n",
       "      <th>아파트3-103-1607</th>\n",
       "      <td>6.0</td>\n",
       "      <td>0.571797</td>\n",
       "      <td>0.178383</td>\n",
       "      <td>68.803031</td>\n",
       "      <td>0.958617</td>\n",
       "      <td>0.012752</td>\n",
       "      <td>0.764050</td>\n",
       "      <td>91.0</td>\n",
       "      <td>73.0</td>\n",
       "      <td>7.0</td>\n",
       "    </tr>\n",
       "    <tr>\n",
       "      <th>아파트3-102-1301</th>\n",
       "      <td>6.0</td>\n",
       "      <td>21.629540</td>\n",
       "      <td>9.897500</td>\n",
       "      <td>54.240822</td>\n",
       "      <td>0.987553</td>\n",
       "      <td>0.262106</td>\n",
       "      <td>0.600268</td>\n",
       "      <td>91.0</td>\n",
       "      <td>83.0</td>\n",
       "      <td>10.0</td>\n",
       "    </tr>\n",
       "    <tr>\n",
       "      <th>아파트3-103-1018</th>\n",
       "      <td>7.0</td>\n",
       "      <td>6.370614</td>\n",
       "      <td>2.939234</td>\n",
       "      <td>53.862636</td>\n",
       "      <td>0.967941</td>\n",
       "      <td>0.073262</td>\n",
       "      <td>0.602456</td>\n",
       "      <td>91.0</td>\n",
       "      <td>87.0</td>\n",
       "      <td>11.0</td>\n",
       "    </tr>\n",
       "    <tr>\n",
       "      <th>...</th>\n",
       "      <td>...</td>\n",
       "      <td>...</td>\n",
       "      <td>...</td>\n",
       "      <td>...</td>\n",
       "      <td>...</td>\n",
       "      <td>...</td>\n",
       "      <td>...</td>\n",
       "      <td>...</td>\n",
       "      <td>...</td>\n",
       "      <td>...</td>\n",
       "    </tr>\n",
       "    <tr>\n",
       "      <th>아파트4-103-605</th>\n",
       "      <td>7.0</td>\n",
       "      <td>23.693527</td>\n",
       "      <td>17.182885</td>\n",
       "      <td>27.478565</td>\n",
       "      <td>0.979747</td>\n",
       "      <td>0.269394</td>\n",
       "      <td>0.613872</td>\n",
       "      <td>91.0</td>\n",
       "      <td>88.0</td>\n",
       "      <td>7.0</td>\n",
       "    </tr>\n",
       "    <tr>\n",
       "      <th>아파트1-101-1202</th>\n",
       "      <td>6.0</td>\n",
       "      <td>25.854772</td>\n",
       "      <td>18.815463</td>\n",
       "      <td>27.226343</td>\n",
       "      <td>0.955031</td>\n",
       "      <td>0.313640</td>\n",
       "      <td>0.630813</td>\n",
       "      <td>91.0</td>\n",
       "      <td>83.0</td>\n",
       "      <td>8.0</td>\n",
       "    </tr>\n",
       "    <tr>\n",
       "      <th>아파트1-101-201</th>\n",
       "      <td>6.0</td>\n",
       "      <td>26.912755</td>\n",
       "      <td>19.770364</td>\n",
       "      <td>26.539056</td>\n",
       "      <td>0.980982</td>\n",
       "      <td>0.334284</td>\n",
       "      <td>0.653601</td>\n",
       "      <td>91.0</td>\n",
       "      <td>82.0</td>\n",
       "      <td>5.0</td>\n",
       "    </tr>\n",
       "    <tr>\n",
       "      <th>아파트3-102-505</th>\n",
       "      <td>6.0</td>\n",
       "      <td>90.795847</td>\n",
       "      <td>67.023171</td>\n",
       "      <td>26.182559</td>\n",
       "      <td>0.946584</td>\n",
       "      <td>1.100430</td>\n",
       "      <td>0.565018</td>\n",
       "      <td>91.0</td>\n",
       "      <td>83.0</td>\n",
       "      <td>8.0</td>\n",
       "    </tr>\n",
       "    <tr>\n",
       "      <th>아파트1-104-1208</th>\n",
       "      <td>6.0</td>\n",
       "      <td>0.000303</td>\n",
       "      <td>0.000237</td>\n",
       "      <td>21.827537</td>\n",
       "      <td>0.999216</td>\n",
       "      <td>0.000028</td>\n",
       "      <td>0.494811</td>\n",
       "      <td>91.0</td>\n",
       "      <td>76.0</td>\n",
       "      <td>7.0</td>\n",
       "    </tr>\n",
       "  </tbody>\n",
       "</table>\n",
       "<p>100 rows × 10 columns</p>\n",
       "</div>"
      ],
      "text/plain": [
       "                 K         tss        wss        ecv      cdpv      mdis  \\\n",
       "아파트1-103-106   7.0  141.369670  27.600136  80.476621  0.985230  1.638259   \n",
       "아파트1-103-1903  6.0   69.273164  20.544997  70.342055  0.952499  0.884254   \n",
       "아파트3-103-1607  6.0    0.571797   0.178383  68.803031  0.958617  0.012752   \n",
       "아파트3-102-1301  6.0   21.629540   9.897500  54.240822  0.987553  0.262106   \n",
       "아파트3-103-1018  7.0    6.370614   2.939234  53.862636  0.967941  0.073262   \n",
       "...            ...         ...        ...        ...       ...       ...   \n",
       "아파트4-103-605   7.0   23.693527  17.182885  27.478565  0.979747  0.269394   \n",
       "아파트1-101-1202  6.0   25.854772  18.815463  27.226343  0.955031  0.313640   \n",
       "아파트1-101-201   6.0   26.912755  19.770364  26.539056  0.980982  0.334284   \n",
       "아파트3-102-505   6.0   90.795847  67.023171  26.182559  0.946584  1.100430   \n",
       "아파트1-104-1208  6.0    0.000303   0.000237  21.827537  0.999216  0.000028   \n",
       "\n",
       "                  mcdpv  og_length  new_length  sequence  \n",
       "아파트1-103-106   0.781877       91.0        87.0       7.0  \n",
       "아파트1-103-1903  0.676975       91.0        79.0       9.0  \n",
       "아파트3-103-1607  0.764050       91.0        73.0       7.0  \n",
       "아파트3-102-1301  0.600268       91.0        83.0      10.0  \n",
       "아파트3-103-1018  0.602456       91.0        87.0      11.0  \n",
       "...                 ...        ...         ...       ...  \n",
       "아파트4-103-605   0.613872       91.0        88.0       7.0  \n",
       "아파트1-101-1202  0.630813       91.0        83.0       8.0  \n",
       "아파트1-101-201   0.653601       91.0        82.0       5.0  \n",
       "아파트3-102-505   0.565018       91.0        83.0       8.0  \n",
       "아파트1-104-1208  0.494811       91.0        76.0       7.0  \n",
       "\n",
       "[100 rows x 10 columns]"
      ]
     },
     "execution_count": 56,
     "metadata": {},
     "output_type": "execute_result"
    }
   ],
   "source": [
    "tss_transition.sort_values(by=[\"ecv\"],ascending=False)"
   ]
  },
  {
   "cell_type": "code",
   "execution_count": 57,
   "id": "64e0d401",
   "metadata": {},
   "outputs": [
    {
     "data": {
      "text/html": [
       "<div>\n",
       "<style scoped>\n",
       "    .dataframe tbody tr th:only-of-type {\n",
       "        vertical-align: middle;\n",
       "    }\n",
       "\n",
       "    .dataframe tbody tr th {\n",
       "        vertical-align: top;\n",
       "    }\n",
       "\n",
       "    .dataframe thead th {\n",
       "        text-align: right;\n",
       "    }\n",
       "</style>\n",
       "<table border=\"1\" class=\"dataframe\">\n",
       "  <thead>\n",
       "    <tr style=\"text-align: right;\">\n",
       "      <th></th>\n",
       "      <th>K</th>\n",
       "      <th>tss</th>\n",
       "      <th>wss</th>\n",
       "      <th>ecv</th>\n",
       "      <th>cdpv</th>\n",
       "      <th>mdis</th>\n",
       "      <th>mcdpv</th>\n",
       "      <th>og_length</th>\n",
       "      <th>new_length</th>\n",
       "      <th>sequence</th>\n",
       "    </tr>\n",
       "  </thead>\n",
       "  <tbody>\n",
       "    <tr>\n",
       "      <th>아파트1-104-1208</th>\n",
       "      <td>6.0</td>\n",
       "      <td>0.000303</td>\n",
       "      <td>0.000237</td>\n",
       "      <td>21.827537</td>\n",
       "      <td>0.999216</td>\n",
       "      <td>0.000028</td>\n",
       "      <td>0.494811</td>\n",
       "      <td>91.0</td>\n",
       "      <td>76.0</td>\n",
       "      <td>7.0</td>\n",
       "    </tr>\n",
       "    <tr>\n",
       "      <th>아파트3-102-505</th>\n",
       "      <td>6.0</td>\n",
       "      <td>90.795847</td>\n",
       "      <td>67.023171</td>\n",
       "      <td>26.182559</td>\n",
       "      <td>0.946584</td>\n",
       "      <td>1.100430</td>\n",
       "      <td>0.565018</td>\n",
       "      <td>91.0</td>\n",
       "      <td>83.0</td>\n",
       "      <td>8.0</td>\n",
       "    </tr>\n",
       "    <tr>\n",
       "      <th>아파트1-101-201</th>\n",
       "      <td>6.0</td>\n",
       "      <td>26.912755</td>\n",
       "      <td>19.770364</td>\n",
       "      <td>26.539056</td>\n",
       "      <td>0.980982</td>\n",
       "      <td>0.334284</td>\n",
       "      <td>0.653601</td>\n",
       "      <td>91.0</td>\n",
       "      <td>82.0</td>\n",
       "      <td>5.0</td>\n",
       "    </tr>\n",
       "    <tr>\n",
       "      <th>아파트1-101-1202</th>\n",
       "      <td>6.0</td>\n",
       "      <td>25.854772</td>\n",
       "      <td>18.815463</td>\n",
       "      <td>27.226343</td>\n",
       "      <td>0.955031</td>\n",
       "      <td>0.313640</td>\n",
       "      <td>0.630813</td>\n",
       "      <td>91.0</td>\n",
       "      <td>83.0</td>\n",
       "      <td>8.0</td>\n",
       "    </tr>\n",
       "    <tr>\n",
       "      <th>아파트4-103-605</th>\n",
       "      <td>7.0</td>\n",
       "      <td>23.693527</td>\n",
       "      <td>17.182885</td>\n",
       "      <td>27.478565</td>\n",
       "      <td>0.979747</td>\n",
       "      <td>0.269394</td>\n",
       "      <td>0.613872</td>\n",
       "      <td>91.0</td>\n",
       "      <td>88.0</td>\n",
       "      <td>7.0</td>\n",
       "    </tr>\n",
       "    <tr>\n",
       "      <th>...</th>\n",
       "      <td>...</td>\n",
       "      <td>...</td>\n",
       "      <td>...</td>\n",
       "      <td>...</td>\n",
       "      <td>...</td>\n",
       "      <td>...</td>\n",
       "      <td>...</td>\n",
       "      <td>...</td>\n",
       "      <td>...</td>\n",
       "      <td>...</td>\n",
       "    </tr>\n",
       "    <tr>\n",
       "      <th>아파트3-103-1018</th>\n",
       "      <td>7.0</td>\n",
       "      <td>6.370614</td>\n",
       "      <td>2.939234</td>\n",
       "      <td>53.862636</td>\n",
       "      <td>0.967941</td>\n",
       "      <td>0.073262</td>\n",
       "      <td>0.602456</td>\n",
       "      <td>91.0</td>\n",
       "      <td>87.0</td>\n",
       "      <td>11.0</td>\n",
       "    </tr>\n",
       "    <tr>\n",
       "      <th>아파트3-102-1301</th>\n",
       "      <td>6.0</td>\n",
       "      <td>21.629540</td>\n",
       "      <td>9.897500</td>\n",
       "      <td>54.240822</td>\n",
       "      <td>0.987553</td>\n",
       "      <td>0.262106</td>\n",
       "      <td>0.600268</td>\n",
       "      <td>91.0</td>\n",
       "      <td>83.0</td>\n",
       "      <td>10.0</td>\n",
       "    </tr>\n",
       "    <tr>\n",
       "      <th>아파트3-103-1607</th>\n",
       "      <td>6.0</td>\n",
       "      <td>0.571797</td>\n",
       "      <td>0.178383</td>\n",
       "      <td>68.803031</td>\n",
       "      <td>0.958617</td>\n",
       "      <td>0.012752</td>\n",
       "      <td>0.764050</td>\n",
       "      <td>91.0</td>\n",
       "      <td>73.0</td>\n",
       "      <td>7.0</td>\n",
       "    </tr>\n",
       "    <tr>\n",
       "      <th>아파트1-103-1903</th>\n",
       "      <td>6.0</td>\n",
       "      <td>69.273164</td>\n",
       "      <td>20.544997</td>\n",
       "      <td>70.342055</td>\n",
       "      <td>0.952499</td>\n",
       "      <td>0.884254</td>\n",
       "      <td>0.676975</td>\n",
       "      <td>91.0</td>\n",
       "      <td>79.0</td>\n",
       "      <td>9.0</td>\n",
       "    </tr>\n",
       "    <tr>\n",
       "      <th>아파트1-103-106</th>\n",
       "      <td>7.0</td>\n",
       "      <td>141.369670</td>\n",
       "      <td>27.600136</td>\n",
       "      <td>80.476621</td>\n",
       "      <td>0.985230</td>\n",
       "      <td>1.638259</td>\n",
       "      <td>0.781877</td>\n",
       "      <td>91.0</td>\n",
       "      <td>87.0</td>\n",
       "      <td>7.0</td>\n",
       "    </tr>\n",
       "  </tbody>\n",
       "</table>\n",
       "<p>100 rows × 10 columns</p>\n",
       "</div>"
      ],
      "text/plain": [
       "                 K         tss        wss        ecv      cdpv      mdis  \\\n",
       "아파트1-104-1208  6.0    0.000303   0.000237  21.827537  0.999216  0.000028   \n",
       "아파트3-102-505   6.0   90.795847  67.023171  26.182559  0.946584  1.100430   \n",
       "아파트1-101-201   6.0   26.912755  19.770364  26.539056  0.980982  0.334284   \n",
       "아파트1-101-1202  6.0   25.854772  18.815463  27.226343  0.955031  0.313640   \n",
       "아파트4-103-605   7.0   23.693527  17.182885  27.478565  0.979747  0.269394   \n",
       "...            ...         ...        ...        ...       ...       ...   \n",
       "아파트3-103-1018  7.0    6.370614   2.939234  53.862636  0.967941  0.073262   \n",
       "아파트3-102-1301  6.0   21.629540   9.897500  54.240822  0.987553  0.262106   \n",
       "아파트3-103-1607  6.0    0.571797   0.178383  68.803031  0.958617  0.012752   \n",
       "아파트1-103-1903  6.0   69.273164  20.544997  70.342055  0.952499  0.884254   \n",
       "아파트1-103-106   7.0  141.369670  27.600136  80.476621  0.985230  1.638259   \n",
       "\n",
       "                  mcdpv  og_length  new_length  sequence  \n",
       "아파트1-104-1208  0.494811       91.0        76.0       7.0  \n",
       "아파트3-102-505   0.565018       91.0        83.0       8.0  \n",
       "아파트1-101-201   0.653601       91.0        82.0       5.0  \n",
       "아파트1-101-1202  0.630813       91.0        83.0       8.0  \n",
       "아파트4-103-605   0.613872       91.0        88.0       7.0  \n",
       "...                 ...        ...         ...       ...  \n",
       "아파트3-103-1018  0.602456       91.0        87.0      11.0  \n",
       "아파트3-102-1301  0.600268       91.0        83.0      10.0  \n",
       "아파트3-103-1607  0.764050       91.0        73.0       7.0  \n",
       "아파트1-103-1903  0.676975       91.0        79.0       9.0  \n",
       "아파트1-103-106   0.781877       91.0        87.0       7.0  \n",
       "\n",
       "[100 rows x 10 columns]"
      ]
     },
     "execution_count": 57,
     "metadata": {},
     "output_type": "execute_result"
    }
   ],
   "source": [
    "tss_transition.sort_values(by=[\"ecv\"],ascending=True)"
   ]
  },
  {
   "cell_type": "code",
   "execution_count": 60,
   "id": "6b10e477",
   "metadata": {},
   "outputs": [
    {
     "data": {
      "text/html": [
       "<div>\n",
       "<style scoped>\n",
       "    .dataframe tbody tr th:only-of-type {\n",
       "        vertical-align: middle;\n",
       "    }\n",
       "\n",
       "    .dataframe tbody tr th {\n",
       "        vertical-align: top;\n",
       "    }\n",
       "\n",
       "    .dataframe thead th {\n",
       "        text-align: right;\n",
       "    }\n",
       "</style>\n",
       "<table border=\"1\" class=\"dataframe\">\n",
       "  <thead>\n",
       "    <tr style=\"text-align: right;\">\n",
       "      <th></th>\n",
       "      <th>K</th>\n",
       "      <th>tss</th>\n",
       "      <th>wss</th>\n",
       "      <th>ecv</th>\n",
       "      <th>cdpv</th>\n",
       "      <th>mdis</th>\n",
       "      <th>mcdpv</th>\n",
       "      <th>og_length</th>\n",
       "      <th>new_length</th>\n",
       "      <th>sequence</th>\n",
       "    </tr>\n",
       "  </thead>\n",
       "  <tbody>\n",
       "    <tr>\n",
       "      <th>아파트1-103-106</th>\n",
       "      <td>7.0</td>\n",
       "      <td>141.369670</td>\n",
       "      <td>27.600136</td>\n",
       "      <td>80.476621</td>\n",
       "      <td>0.985230</td>\n",
       "      <td>1.638259</td>\n",
       "      <td>0.781877</td>\n",
       "      <td>91.0</td>\n",
       "      <td>87.0</td>\n",
       "      <td>7.0</td>\n",
       "    </tr>\n",
       "    <tr>\n",
       "      <th>아파트2-5-1512</th>\n",
       "      <td>6.0</td>\n",
       "      <td>20.158938</td>\n",
       "      <td>13.556934</td>\n",
       "      <td>32.749759</td>\n",
       "      <td>0.980117</td>\n",
       "      <td>0.285726</td>\n",
       "      <td>0.772664</td>\n",
       "      <td>91.0</td>\n",
       "      <td>73.0</td>\n",
       "      <td>10.0</td>\n",
       "    </tr>\n",
       "    <tr>\n",
       "      <th>아파트3-103-1607</th>\n",
       "      <td>6.0</td>\n",
       "      <td>0.571797</td>\n",
       "      <td>0.178383</td>\n",
       "      <td>68.803031</td>\n",
       "      <td>0.958617</td>\n",
       "      <td>0.012752</td>\n",
       "      <td>0.764050</td>\n",
       "      <td>91.0</td>\n",
       "      <td>73.0</td>\n",
       "      <td>7.0</td>\n",
       "    </tr>\n",
       "    <tr>\n",
       "      <th>아파트2-5-612</th>\n",
       "      <td>6.0</td>\n",
       "      <td>18.550767</td>\n",
       "      <td>11.160770</td>\n",
       "      <td>39.836614</td>\n",
       "      <td>0.972929</td>\n",
       "      <td>0.253501</td>\n",
       "      <td>0.739575</td>\n",
       "      <td>91.0</td>\n",
       "      <td>78.0</td>\n",
       "      <td>9.0</td>\n",
       "    </tr>\n",
       "    <tr>\n",
       "      <th>아파트2-5-1110</th>\n",
       "      <td>6.0</td>\n",
       "      <td>1.907407</td>\n",
       "      <td>1.218522</td>\n",
       "      <td>36.116295</td>\n",
       "      <td>0.990925</td>\n",
       "      <td>0.024935</td>\n",
       "      <td>0.723894</td>\n",
       "      <td>91.0</td>\n",
       "      <td>79.0</td>\n",
       "      <td>10.0</td>\n",
       "    </tr>\n",
       "    <tr>\n",
       "      <th>...</th>\n",
       "      <td>...</td>\n",
       "      <td>...</td>\n",
       "      <td>...</td>\n",
       "      <td>...</td>\n",
       "      <td>...</td>\n",
       "      <td>...</td>\n",
       "      <td>...</td>\n",
       "      <td>...</td>\n",
       "      <td>...</td>\n",
       "      <td>...</td>\n",
       "    </tr>\n",
       "    <tr>\n",
       "      <th>아파트2-4-507</th>\n",
       "      <td>7.0</td>\n",
       "      <td>35.534786</td>\n",
       "      <td>19.220191</td>\n",
       "      <td>45.911619</td>\n",
       "      <td>0.965922</td>\n",
       "      <td>0.414467</td>\n",
       "      <td>0.536225</td>\n",
       "      <td>91.0</td>\n",
       "      <td>86.0</td>\n",
       "      <td>11.0</td>\n",
       "    </tr>\n",
       "    <tr>\n",
       "      <th>아파트2-4-1205</th>\n",
       "      <td>6.0</td>\n",
       "      <td>61.697105</td>\n",
       "      <td>35.846333</td>\n",
       "      <td>41.899491</td>\n",
       "      <td>0.965075</td>\n",
       "      <td>0.774192</td>\n",
       "      <td>0.507358</td>\n",
       "      <td>91.0</td>\n",
       "      <td>80.0</td>\n",
       "      <td>8.0</td>\n",
       "    </tr>\n",
       "    <tr>\n",
       "      <th>아파트1-104-1208</th>\n",
       "      <td>6.0</td>\n",
       "      <td>0.000303</td>\n",
       "      <td>0.000237</td>\n",
       "      <td>21.827537</td>\n",
       "      <td>0.999216</td>\n",
       "      <td>0.000028</td>\n",
       "      <td>0.494811</td>\n",
       "      <td>91.0</td>\n",
       "      <td>76.0</td>\n",
       "      <td>7.0</td>\n",
       "    </tr>\n",
       "    <tr>\n",
       "      <th>아파트4-103-108</th>\n",
       "      <td>7.0</td>\n",
       "      <td>120.461332</td>\n",
       "      <td>77.914806</td>\n",
       "      <td>35.319654</td>\n",
       "      <td>0.967645</td>\n",
       "      <td>1.406262</td>\n",
       "      <td>0.483231</td>\n",
       "      <td>91.0</td>\n",
       "      <td>86.0</td>\n",
       "      <td>10.0</td>\n",
       "    </tr>\n",
       "    <tr>\n",
       "      <th>아파트2-2-1402</th>\n",
       "      <td>6.0</td>\n",
       "      <td>12.065423</td>\n",
       "      <td>8.400166</td>\n",
       "      <td>30.378186</td>\n",
       "      <td>0.975629</td>\n",
       "      <td>0.146322</td>\n",
       "      <td>0.472666</td>\n",
       "      <td>91.0</td>\n",
       "      <td>83.0</td>\n",
       "      <td>11.0</td>\n",
       "    </tr>\n",
       "  </tbody>\n",
       "</table>\n",
       "<p>100 rows × 10 columns</p>\n",
       "</div>"
      ],
      "text/plain": [
       "                 K         tss        wss        ecv      cdpv      mdis  \\\n",
       "아파트1-103-106   7.0  141.369670  27.600136  80.476621  0.985230  1.638259   \n",
       "아파트2-5-1512    6.0   20.158938  13.556934  32.749759  0.980117  0.285726   \n",
       "아파트3-103-1607  6.0    0.571797   0.178383  68.803031  0.958617  0.012752   \n",
       "아파트2-5-612     6.0   18.550767  11.160770  39.836614  0.972929  0.253501   \n",
       "아파트2-5-1110    6.0    1.907407   1.218522  36.116295  0.990925  0.024935   \n",
       "...            ...         ...        ...        ...       ...       ...   \n",
       "아파트2-4-507     7.0   35.534786  19.220191  45.911619  0.965922  0.414467   \n",
       "아파트2-4-1205    6.0   61.697105  35.846333  41.899491  0.965075  0.774192   \n",
       "아파트1-104-1208  6.0    0.000303   0.000237  21.827537  0.999216  0.000028   \n",
       "아파트4-103-108   7.0  120.461332  77.914806  35.319654  0.967645  1.406262   \n",
       "아파트2-2-1402    6.0   12.065423   8.400166  30.378186  0.975629  0.146322   \n",
       "\n",
       "                  mcdpv  og_length  new_length  sequence  \n",
       "아파트1-103-106   0.781877       91.0        87.0       7.0  \n",
       "아파트2-5-1512    0.772664       91.0        73.0      10.0  \n",
       "아파트3-103-1607  0.764050       91.0        73.0       7.0  \n",
       "아파트2-5-612     0.739575       91.0        78.0       9.0  \n",
       "아파트2-5-1110    0.723894       91.0        79.0      10.0  \n",
       "...                 ...        ...         ...       ...  \n",
       "아파트2-4-507     0.536225       91.0        86.0      11.0  \n",
       "아파트2-4-1205    0.507358       91.0        80.0       8.0  \n",
       "아파트1-104-1208  0.494811       91.0        76.0       7.0  \n",
       "아파트4-103-108   0.483231       91.0        86.0      10.0  \n",
       "아파트2-2-1402    0.472666       91.0        83.0      11.0  \n",
       "\n",
       "[100 rows x 10 columns]"
      ]
     },
     "execution_count": 60,
     "metadata": {},
     "output_type": "execute_result"
    }
   ],
   "source": [
    "tss_transition.sort_values(by=['mcdpv', 'mdis'],ascending=[False, True])"
   ]
  },
  {
   "cell_type": "code",
   "execution_count": 82,
   "id": "35123890",
   "metadata": {},
   "outputs": [
    {
     "data": {
      "text/html": [
       "<div>\n",
       "<style scoped>\n",
       "    .dataframe tbody tr th:only-of-type {\n",
       "        vertical-align: middle;\n",
       "    }\n",
       "\n",
       "    .dataframe tbody tr th {\n",
       "        vertical-align: top;\n",
       "    }\n",
       "\n",
       "    .dataframe thead th {\n",
       "        text-align: right;\n",
       "    }\n",
       "</style>\n",
       "<table border=\"1\" class=\"dataframe\">\n",
       "  <thead>\n",
       "    <tr style=\"text-align: right;\">\n",
       "      <th></th>\n",
       "      <th>K</th>\n",
       "      <th>tss</th>\n",
       "      <th>wss</th>\n",
       "      <th>ecv</th>\n",
       "      <th>cdpv</th>\n",
       "      <th>mdis</th>\n",
       "      <th>mcdpv</th>\n",
       "      <th>og_length</th>\n",
       "      <th>new_length</th>\n",
       "      <th>sequence</th>\n",
       "    </tr>\n",
       "  </thead>\n",
       "  <tbody>\n",
       "    <tr>\n",
       "      <th>아파트4-102-803</th>\n",
       "      <td>6.0</td>\n",
       "      <td>157.014417</td>\n",
       "      <td>86.960061</td>\n",
       "      <td>44.616512</td>\n",
       "      <td>0.914481</td>\n",
       "      <td>1.961902</td>\n",
       "      <td>0.565035</td>\n",
       "      <td>91.0</td>\n",
       "      <td>81.0</td>\n",
       "      <td>9.0</td>\n",
       "    </tr>\n",
       "    <tr>\n",
       "      <th>아파트1-103-106</th>\n",
       "      <td>7.0</td>\n",
       "      <td>141.369670</td>\n",
       "      <td>27.600136</td>\n",
       "      <td>80.476621</td>\n",
       "      <td>0.985230</td>\n",
       "      <td>1.638259</td>\n",
       "      <td>0.781877</td>\n",
       "      <td>91.0</td>\n",
       "      <td>87.0</td>\n",
       "      <td>7.0</td>\n",
       "    </tr>\n",
       "    <tr>\n",
       "      <th>아파트2-5-911</th>\n",
       "      <td>6.0</td>\n",
       "      <td>135.484060</td>\n",
       "      <td>82.038586</td>\n",
       "      <td>39.447795</td>\n",
       "      <td>0.937174</td>\n",
       "      <td>1.722063</td>\n",
       "      <td>0.641049</td>\n",
       "      <td>91.0</td>\n",
       "      <td>80.0</td>\n",
       "      <td>9.0</td>\n",
       "    </tr>\n",
       "    <tr>\n",
       "      <th>아파트3-101-1905</th>\n",
       "      <td>7.0</td>\n",
       "      <td>120.662707</td>\n",
       "      <td>72.989662</td>\n",
       "      <td>39.509345</td>\n",
       "      <td>0.928875</td>\n",
       "      <td>1.389821</td>\n",
       "      <td>0.641740</td>\n",
       "      <td>91.0</td>\n",
       "      <td>87.0</td>\n",
       "      <td>8.0</td>\n",
       "    </tr>\n",
       "    <tr>\n",
       "      <th>아파트4-103-108</th>\n",
       "      <td>7.0</td>\n",
       "      <td>120.461332</td>\n",
       "      <td>77.914806</td>\n",
       "      <td>35.319654</td>\n",
       "      <td>0.967645</td>\n",
       "      <td>1.406262</td>\n",
       "      <td>0.483231</td>\n",
       "      <td>91.0</td>\n",
       "      <td>86.0</td>\n",
       "      <td>10.0</td>\n",
       "    </tr>\n",
       "    <tr>\n",
       "      <th>아파트3-102-505</th>\n",
       "      <td>6.0</td>\n",
       "      <td>90.795847</td>\n",
       "      <td>67.023171</td>\n",
       "      <td>26.182559</td>\n",
       "      <td>0.946584</td>\n",
       "      <td>1.100430</td>\n",
       "      <td>0.565018</td>\n",
       "      <td>91.0</td>\n",
       "      <td>83.0</td>\n",
       "      <td>8.0</td>\n",
       "    </tr>\n",
       "    <tr>\n",
